camera_matrix:
- - 526.3543298125418
  - 0.0
  - 260.1334987549432
- - 0.0
  - 939.8486268260853
  - 259.55068267247765
- - 0.0
  - 0.0
  - 1.0
dist_coeff:
- - -0.07838312726524263
  - 0.8990873450676169
  - 0.011071516296610536
  - 0.004304341483969625
  - -0.5159901712056066
